-6.86391	3.23452	1.74744	2.5179	0.918745	1.13261	2.10088	2.27162	1.73505	-0.289525	0.540882	-0.485517	-2.33286	-4.60369	-5.26015	-3.795	-4.15775	-2.94532	-1.83023	-0.00324174	0.628914	-1.15614	-1.92656	-0.955161	-0.645252	-1.81137	-4.02348	0.0286649	-0.998082	-0.666405	0.333798	-0.316396	-0.550622	1.40185	1.89141	2.66418	2.56798	2.67018	2.32584	1.81372	0.574522	0.275057	-0.337322	-0.693714	-1.81569	-0.607459	-2.46514	-3.17242	-4.91684	-3.26689	-2.64603	-2.42533	-2.55058	-0.803494	-0.571085	2.48532	-0.757586	-0.862093	-5.54212
-0.695158	-0.967358	-1.0266	-1.92657	-1.96903	-2.93691	-0.846629	1.06232	0.104049	-0.136466	-1.13161	-2.00195	-3.66151	-3.34289	-3.55436	-3.78285	-3.64063	-1.75981	-1.3316	-1.20747	-0.131502	0.261903	0.448188	0.626744	0.177007	0.559563	0.866519	1.86299	2.77837	2.90706	2.92281	1.1121	2.96149	3.29256	2.0097	2.66628	3.23589	3.02461	3.03478	3.08752	2.52005	1.4807	-0.56507	0.168819	-0.732693	-1.27136	-2.52323	-3.09522	-3.20482	-3.2541	-4.13029	-3.14021	-3.70153	-6.60932	-3.87743	-2.15378	-1.35902	-2.82704	-6.75334
-1.08936	-2.39888	-2.41455	-1.50849	-1.60288	-3.99069	-2.33393	-1.65157	-0.342186	-0.0353148	-0.31929	-1.80348	-0.630896	-0.480724	-1.41489	-0.722834	-0.154187	-0.785509	-1.69248	-3.22119	-3.47441	-4.12593	-5.63721	-5.69306	-3.39098	-2.79442	-2.41898	-1.63029	-0.756009	-0.48228	-0.224839	0.244567	0.0577851	0.740846	0.863337	1.03404	2.52491	2.55525	2.67545	1.46212	1.34879	1.56416	1.21585	1.55434	1.40877	1.11116	-0.0560747	-0.633257	-1.81223	-1.42036	-2.51758	-0.228591	-1.7882	-0.866425	-0.0145661	1.43386	2.93511	1.5781	-1.35398
-0.761428	-1.71097	2.8507	2.33365	2.22521	1.41755	0.535559	-1.65473	-2.08684	-3.52988	-3.42346	-5.10016	-4.56167	-3.426	-2.58459	-1.57123	-0.650236	-0.92614	-0.991548	0.0983829	0.493112	-0.873548	-3.25786	-2.88261	-2.87697	-3.99364	-2.14197	-2.65144	-1.41412	-1.52751	-0.466815	1.49777	3.47581	4.77711	6.40572	8.45793	7.72659	7.76679	5.27619	4.58745	3.28724	2.14557	2.02818	2.97397	1.51961	1.7895	1.48663	0.307068	-0.00772233	-0.898928	0.289357	-1.06289	-0.378637	0.401902	3.15635	2.55573	2.97725	2.15344	2.10933
-1.06772	-0.721271	-1.26589	-1.56648	-1.24259	-0.0610583	1.11284	0.221559	-0.811766	-0.751596	-1.26485	-1.83048	-2.16432	-1.19545	-2.10037	-1.48922	0.00565622	-1.61738	-2.93957	-3.40556	-4.86073	-5.36643	-4.52727	-5.27465	-4.79074	-5.00596	-4.87485	-3.57092	-2.42805	-1.02665	1.69005	4.96704	7.69738	9.14325	10.8982	11.3927	9.74713	7.49674	5.55368	4.12336	3.28502	4.54218	4.33156	3.92433	1.83194	-0.423541	0.0936245	0.208257	0.909156	1.23071	0.743391	-0.283878	-2.0293	-1.97256	-1.29693	-1.60778	-2.10659	-0.600328	-3.73395
-4.86517	-1.72113	-0.119536	-1.24339	-0.781852	-0.674382	-0.327465	0.730704	-0.522722	0.651529	0.299352	0.887919	0.628967	-1.19045	-1.59288	-1.459	-3.06434	-4.18261	-3.11835	-2.77427	-4.69482	-6.68763	-6.87664	-6.57509	-6.26752	-6.12628	-4.49491	-3.49689	-1.77088	-0.239666	1.66473	3.50241	5.20958	4.73453	5.71333	5.93444	7.08605	6.15698	6.50697	6.54481	4.04821	2.61139	1.52026	2.92854	0.845728	0.653184	0.586632	0.172924	-0.115711	1.56789	0.807407	1.27852	1.48773	2.57608	1.90641	-0.198909	-1.79934	-0.672785	-3.21056
3.12621	0.138745	-0.4763	-1.54363	-1.37737	-1.01003	-0.332399	-0.755818	-2.00515	-3.04886	-3.29859	-2.69956	-2.25422	-2.88584	-3.34276	-3.94725	-4.88802	-6.7504	-5.95454	-6.81976	-7.00291	-7.64357	-7.37379	-7.20468	-6.43555	-5.02204	-2.6676	-1.11262	1.04038	4.15975	6.29584	7.60643	10.0431	9.6381	10.4679	10.2955	9.30438	7.88024	6.65935	6.48215	5.14813	3.92014	3.60293	6.20754	4.69583	3.33945	2.50643	2.38993	0.601122	-0.181932	-0.764154	-0.601064	-2.10297	-2.02348	-1.71285	1.0619	-1.961	-3.326	-4.73237
-4.28004	0.876316	3.68445	2.97351	1.43003	0.521685	0.322954	-1.79229	-1.18014	-1.52036	-2.1844	-2.98396	-2.57493	-3.17156	-4.08308	-5.06344	-7.39066	-8.05535	-7.38445	-6.80092	-8.46087	-7.93363	-8.82121	-7.5411	-6.69136	-4.08254	-2.00485	-0.378071	0.889652	3.33943	3.2877	6.18436	7.16889	6.50375	7.63797	8.40086	7.43793	7.7926	8.56012	9.69783	8.0386	8.09581	7.2992	6.65561	4.52591	3.82969	3.64479	2.85747	2.14368	1.52791	0.000337533	-2.41832	-2.14259	-2.90062	-1.72143	-0.318419	2.1633	3.02576	5.78116
5.08469	3.33408	5.59423	6.2732	3.66291	2.58987	2.06616	-0.294022	-2.51707	-2.49182	-4.13458	-4.11444	-3.14708	-3.19738	-3.52436	-4.22814	-5.50057	-7.39574	-7.32003	-8.02009	-9.26408	-9.24205	-8.35681	-8.44024	-6.32705	-4.86473	-2.37574	-4.41805	-5.60051	-3.55104	-1.49102	2.01613	4.16555	8.12143	8.72687	10.7776	11.2745	10.3929	10.5378	10.4562	9.98461	9.83549	9.88917	11.5807	8.73614	8.39309	6.18204	4.41584	2.96896	2.55851	1.38734	-0.827808	-1.06457	0.795787	1.17433	2.36812	-1.06179	-2.65645	-6.03445
-1.51645	-1.1341	-3.62393	-3.81148	-1.98311	3.56958	2.23889	2.31962	1.27434	1.48113	2.27636	-0.196603	-1.0411	-1.44366	-2.17976	-3.7235	-5.47314	-8.44678	-10.3685	-12.8309	-12.1811	-12.8367	-12.8578	-12.2869	-10.7396	-8.74584	-6.23047	-4.52615	-1.70104	-3.61573	-2.02065	-0.546202	0.742005	5.56129	8.84706	9.6269	12.3669	11.9565	12.2935	11.2269	10.352	11.2559	9.48947	11.5417	10.1002	8.45371	6.73749	5.84157	3.72873	2.68395	2.15088	0.713538	1.29861	-0.671307	-1.82369	1.08268	1.10726	-0.919224	-0.895385
2.83808	2.62386	2.16036	1.67614	2.41611	0.795708	0.273186	0.640498	-1.01476	-2.55482	-2.68725	-3.99055	-4.09041	-3.3613	-3.60125	-5.21862	-5.98663	-6.35019	-7.87004	-7.5735	-7.01959	-7.24502	-6.63866	-5.47984	-7.07184	-9.66238	-7.78724	-3.23181	-1.95959	-0.720768	2.78224	3.17266	5.37567	7.00437	8.05873	8.29458	11.7963	13.8528	13.0212	13.5408	12.2459	11.5931	9.31063	8.13236	6.49023	5.54325	5.82216	5.36493	4.1156	3.65717	2.53757	1.45564	0.904931	0.378181	-0.382549	1.62153	1.93176	3.60097	-0.560746
3.50142	3.30606	2.13939	0.944303	1.93629	0.105198	0.914157	0.287319	-0.833576	-1.69791	-3.67704	-5.82137	-5.85125	-6.84573	-7.46529	-7.51437	-8.9714	-10.4113	-10.5293	-12.0791	-12.7335	-12.991	-13.2546	-12.8867	-11.8246	-11.4623	-9.48093	-6.64432	-2.01498	-2.23616	-0.702439	1.52151	3.46796	6.22104	8.43188	11.3844	13.1842	13.3588	12.974	11.3153	9.42277	7.97718	7.38223	5.42417	5.62789	5.06447	5.06122	4.04064	1.96997	1.81937	1.57408	1.85984	2.30656	1.22801	1.63701	1.11476	-0.723856	0.458363	-0.435779
8.21672	7.36396	4.08368	0.288843	2.05568	2.25488	2.34066	2.43045	1.08917	1.43766	0.879444	0.732964	0.0351955	-1.4204	-2.36503	-4.06051	-5.16088	-6.10553	-8.16309	-9.46704	-10.7835	-10.367	-9.93666	-8.26461	-8.23626	-5.71907	-3.2858	-0.745414	1.17605	0.475582	1.25572	2.67988	4.31715	7.29725	9.50929	11.7726	12.9737	13.6642	13.5205	12.8148	11.3637	10.2494	8.45587	7.70662	6.63397	5.75961	4.29553	4.97289	3.66302	3.22945	4.07469	2.90346	4.18934	5.14418	2.37394	-1.64111	2.06636	3.44651	1.23914
6.81171	2.99655	-0.642688	1.32666	0.686865	-1.62606	0.739375	1.18881	0.682234	-0.00703095	-2.94242	-3.79052	-4.42028	-4.86994	-4.80422	-7.18385	-9.18045	-10.6225	-12.513	-12.5022	-12.9919	-11.5284	-9.09269	-7.47454	-3.41347	-2.65919	0.249386	2.52812	3.5285	3.24058	3.51664	3.64786	4.03198	5.62824	8.61684	10.0649	10.3239	10.759	11.0003	11.1529	10.701	10.8745	10.1775	8.84294	7.779	5.96259	6.58187	4.19665	4.68609	4.14276	4.05175	2.50698	2.17824	2.35183	2.24304	1.13303	1.86211	1.71988	1.43565
3.82474	4.92974	4.62412	3.68396	5.22432	5.5378	3.92554	2.44675	1.31611	1.45079	0.870201	-2.42283	-2.94817	-4.50775	-5.41145	-5.73484	-7.09656	-7.01779	-8.89287	-10.4452	-13.2583	-13.7874	-13.1719	-11.786	-7.78439	-5.08703	-4.69376	-4.1693	-5.01208	-3.80483	-4.18713	-3.1154	-1.39142	0.527463	1.22792	3.51039	5.65124	6.61626	7.57838	9.19503	9.18069	6.94874	6.02233	5.81103	4.59492	3.68319	2.95959	1.96444	1.67941	1.79273	1.14196	0.549074	0.120611	3.32366	2.97285	-1.18403	-4.96239	-6.22996	-8.01069
0.725568	1.77183	1.19888	1.08904	1.0529	0.913993	-0.614072	-0.185747	-0.417345	0.571176	-0.0208155	-1.10565	-1.39046	-2.30005	-3.92561	-6.25694	-8.12187	-8.49646	-10.4172	-12.3472	-14.5604	-14.6731	-15.5012	-13.4926	-11.9827	-10.0771	-6.19771	-3.1794	-2.96982	-2.50296	-3.03996	-0.461042	1.88619	4.52114	5.72048	7.43308	9.72406	11.0231	11.8605	12.6041	12.3209	10.0605	10.2436	10.4015	8.32367	6.66767	5.12693	4.13524	2.6949	0.663596	0.654105	0.481759	0.763772	0.385895	-1.88055	-2.98763	-0.98178	0.535815	-3.2683
-1.19225	3.06553	2.48411	2.29971	2.3958	1.38646	-0.53438	-1.67004	-1.96155	-3.83284	-4.24614	-4.44541	-4.13861	-3.40421	-3.04914	-4.80636	-6.1341	-5.6314	-7.26142	-8.40324	-10.0575	-11.0918	-11.5592	-9.99502	-6.59421	-4.55065	-2.05559	-1.212	1.54869	1.6448	3.44614	4.62505	5.04666	6.53059	8.20877	8.58669	9.21137	8.93332	10.956	11.0435	10.4989	7.90738	5.85161	4.1206	4.42016	2.71519	2.68156	1.52429	0.82213	0.691565	1.748	2.31187	2.0393	2.13041	1.92968	-0.278137	-0.218898	1.32936	1.71592
1.11633	-0.552324	2.54334	3.72473	5.42108	4.14849	2.5694	1.2849	-0.87343	-3.18685	-3.51392	-3.45073	-2.73171	-3.19581	-4.36647	-6.27319	-8.9643	-8.81268	-9.46371	-11.673	-12.6854	-12.2551	-11.2763	-10.3367	-7.63015	-5.74842	-5.24747	-4.00703	-2.61333	-3.61848	-1.45859	-0.45574	-0.326244	1.59506	3.58499	4.96284	7.74937	9.29727	9.40468	11.9949	11.111	9.63631	8.57197	7.15157	6.28221	5.82201	4.20106	2.60828	1.96767	0.136773	-2.09732	-2.48277	-0.898493	-1.56943	-3.18784	-3.31293	-2.25071	-2.30744	-0.0486475
0.355914	1.09458	-0.300931	0.0723529	-0.888608	-1.02286	-3.06324	-1.7294	-1.29739	-2.45033	-3.22939	-3.49384	-4.05307	-5.07166	-6.14044	-8.13019	-8.40793	-9.58619	-11.7085	-12.6042	-13.0238	-12.2043	-12.4788	-10.9052	-9.16541	-7.05359	-6.50265	-6.39906	-6.59247	-6.57744	-5.28528	-5.27468	-4.39055	-0.768873	1.36199	5.05224	7.98578	10.3568	11.2171	11.7767	11.0038	10.767	8.1674	7.17736	6.21384	4.43739	3.37565	3.35914	3.15851	1.53558	-0.0208188	0.515921	0.242245	-0.0300107	-2.34966	-5.38278	-5.12975	-3.36841	-2.66785
8.05136	4.82889	1.93113	2.32993	1.91368	0.366958	-0.13583	0.52374	0.768726	-0.63332	-1.37726	-2.74261	-3.34883	-4.82092	-5.80255	-7.33391	-8.09984	-9.4674	-9.52943	-9.19151	-9.18499	-8.64371	-8.93281	-8.2661	-10.4041	-10.1043	-8.23893	-7.40098	-5.52889	-4.87239	-3.3001	-5.15005	-3.76142	-0.137921	1.89078	5.37676	7.16033	8.29642	9.25507	7.50656	7.26133	6.73071	6.18997	5.45816	6.32249	6.12075	5.32748	4.11132	2.77301	-0.223884	-0.255485	-0.551664	0.100264	-1.3653	-1.73134	-6.92471	-8.89839	-9.82153	-12.9366
1.34037	0.245926	-3.10389	-2.22518	-3.23443	-5.61095	-4.61017	-5.51636	-4.75302	-4.96853	-3.20238	-4.53382	-5.68584	-6.98219	-7.80509	-8.40454	-7.8764	-9.59171	-11.2559	-11.5176	-11.9071	-11.0919	-9.28695	-5.7242	-4.81168	-4.82088	-4.39951	-4.15644	-2.77848	-1.41847	-1.32422	1.60621	2.68011	3.6507	3.2532	5.43148	7.96632	10.4719	11.7377	11.1873	8.62437	6.56855	5.16865	3.8018	3.42463	3.72151	3.31547	3.72855	2.47917	0.606439	1.09447	0.802994	-1.58593	-1.50217	-1.49166	-5.14227	-4.81341	-5.22313	-7.20922
2.203	3.1404	2.55459	2.46468	1.68618	0.645716	-1.12612	-2.19912	-3.49068	-3.18653	-3.40404	-3.08779	-3.78353	-4.9083	-4.74915	-4.25957	-5.27412	-8.0339	-9.26007	-10.4754	-8.75523	-6.76823	-5.04596	-2.5761	-0.210072	-2.91287	-2.11224	-2.89467	-3.60271	-3.29349	-2.75117	-1.08439	-0.370086	-1.13704	1.35011	4.6347	6.60373	6.96623	8.85482	10.5909	8.00499	8.36219	6.99726	6.81188	5.85419	4.18138	4.2897	4.34444	2.26532	2.84065	3.71665	3.07421	2.2237	0.785546	-0.478832	-1.68373	-3.48704	0.366738	-4.99309
-0.628537	3.02684	1.98674	1.7395	1.45161	2.31273	1.42768	0.18033	-1.28607	-1.48447	-1.54296	0.0536028	-0.403238	-2.37567	-3.27769	-3.89203	-5.25158	-6.52431	-7.28577	-6.70656	-6.34834	-5.77707	-3.88064	-0.758427	1.96101	2.1161	2.44975	3.68993	1.45436	4.17086	2.65039	3.29009	2.7499	1.81849	2.69163	4.96322	7.33567	10.3123	10.3439	10.6467	10.7066	11.7349	7.56399	6.8333	4.68378	3.6339	4.4763	4.60881	4.06102	3.93451	2.80799	1.58504	0.720243	2.50817	1.66701	-2.78164	-4.97198	-2.48125	-2.76298
8.6546	1.06735	-0.601304	0.643121	1.35314	0.27164	-0.439087	-1.38996	-1.79358	-1.4083	-0.984175	-0.801519	-2.50569	-1.38666	-2.63234	-4.10608	-5.48938	-8.3149	-9.29169	-10.2937	-10.0047	-8.63775	-5.96337	-8.53482	-5.54627	-4.61182	-2.21628	-1.38134	-2.44639	-2.79778	-3.15728	-1.87859	-0.470159	0.923305	2.90477	5.04368	6.0804	7.97374	7.51906	8.15437	7.44758	6.32009	4.42911	2.67082	2.70011	2.65322	2.99766	5.15345	4.74814	4.2942	4.08952	2.93123	3.05743	2.07466	1.95565	0.355353	1.82267	2.67775	1.05472
1.33441	2.76042	-0.33988	1.0875	1.32584	2.61217	2.2585	1.1456	1.03844	1.32534	1.85057	1.77315	-0.440059	-2.03095	-3.98538	-5.90599	-7.37087	-9.92554	-10.3658	-10.8732	-10.1317	-6.98336	-3.73218	-1.85802	1.05747	2.05624	2.14289	0.358239	-1.04491	-3.29833	-0.943287	-1.00285	-1.92159	1.51358	2.218	5.29562	5.32029	3.83971	5.37448	6.35933	8.25053	7.17638	5.33169	3.26512	2.20787	1.62174	3.10514	3.63018	3.95184	2.49097	2.05866	0.499989	1.28933	1.69727	0.731834	2.31927	4.60762	3.3036	3.00702
6.35032	3.32104	0.333181	1.19847	0.130506	1.38679	0.851059	-0.771814	-2.52151	-3.51775	-3.6848	-3.19388	-3.28074	-2.8445	-3.00371	-4.65185	-6.40046	-8.36464	-10.0996	-10.5855	-10.7907	-8.50643	-9.04866	-8.57606	-6.17447	-4.65803	-2.93313	-2.93286	-1.70482	-3.16771	-2.13477	-0.909516	-0.608471	0.187456	2.1625	3.98641	5.46807	7.41375	6.95722	8.06888	8.79851	7.74751	4.98529	3.51988	2.83017	0.662993	0.105523	0.212875	-1.52857	-0.21448	-0.229413	-2.51121	-2.48727	-1.44853	-0.797548	0.721149	-1.8579	0.151074	-5.48855
9.92111	4.45014	2.97059	1.43208	0.20001	0.206002	0.0119085	-0.664541	-1.68153	-2.47531	-2.31177	-1.98748	-1.67479	-1.75535	-1.91312	-2.79967	-3.63729	-6.54445	-8.46553	-9.36931	-8.70671	-8.81475	-7.92317	-6.60921	-5.92675	-5.13149	-4.35015	-4.16611	-4.39693	-2.49797	-3.52559	1.42083	1.54308	3.33555	2.01186	2.89964	4.36275	6.28949	7.38069	8.47565	8.4756	6.73695	5.9979	4.50711	4.049	3.63523	3.53752	3.48457	3.28571	2.54084	2.80061	1.55329	3.54948	4.48087	0.724049	-0.47725	-3.95618	-2.28347	-2.14239
0.163637	-0.386808	-2.95607	-3.62764	-4.18473	-4.72746	-3.64799	-2.72678	-2.90571	-3.3633	-2.67734	-1.95641	-2.81314	-2.41433	-4.86401	-4.71774	-5.91313	-8.80737	-11.1367	-9.94656	-9.91318	-8.48804	-7.07406	-2.82633	1.71135	4.38549	6.19302	10.0294	8.55316	5.8643	5.53391	5.6292	4.99304	4.78553	5.11986	6.51483	7.7259	8.59674	10.1888	11.9207	11.0017	11.5635	9.82112	8.98457	6.82952	5.20966	4.47191	2.70288	0.643322	0.699721	1.5191	-0.621956	-0.637937	-0.413897	-0.375932	0.446359	0.576966	-1.23593	-4.69527
2.213	1.27867	2.30499	1.17043	0.273483	-0.905117	-0.219203	-0.944426	-1.87953	-2.12778	-1.7133	-1.79476	-1.99544	-1.34234	-4.02977	-4.15018	-6.26907	-8.15547	-10.3084	-11.2106	-11.7128	-10.6905	-10.145	-4.62788	-3.29975	-0.100537	3.38786	4.07857	4.28381	4.26942	2.39924	3.17164	4.14857	3.37742	3.97088	3.86347	6.09027	6.63218	7.71038	6.42945	6.73492	6.22692	4.65551	3.88306	4.03791	4.42846	4.99641	3.46445	3.13587	2.44181	2.1543	-0.425319	-1.48116	-1.08173	-0.250166	0.443385	0.0419557	1.26953	2.03833
-2.5265	-1.30068	-0.53178	0.676694	0.371591	0.759292	-0.0866887	-0.867719	-1.89149	-3.10501	-2.11458	-1.22299	-1.38987	-2.54611	-3.97517	-4.15487	-3.35455	-4.01902	-7.45561	-7.39308	-7.59485	-9.79234	-10.5338	-8.51349	-5.8131	-0.556388	4.49279	8.01346	8.68481	5.20762	5.9212	5.80535	7.90348	8.4181	5.71245	5.99422	8.64444	8.44336	9.04326	7.60904	8.91099	8.79982	6.06607	4.64963	4.1215	4.33464	4.58645	4.03516	4.12902	4.0783	3.04273	1.90277	-0.408699	-0.183795	1.17444	1.96261	2.48633	3.32303	4.9548
1.99852	0.142951	-0.60111	1.92672	1.17023	-2.00114	-2.7167	-3.82367	-2.97953	-1.76942	-2.32011	-2.3069	-2.76269	-3.45473	-5.34701	-5.59344	-5.06614	-5.64386	-7.19573	-5.68888	-5.21642	-6.81732	-7.05387	-6.16601	-6.62872	-4.56472	-4.65794	-2.23861	-1.61816	-3.46471	-3.47124	-1.96126	1.36215	1.6817	1.0029	0.308955	1.56246	1.03549	2.32805	3.42792	4.38872	5.39316	2.86862	3.33345	3.60123	4.01253	5.59236	5.11456	6.28085	5.78331	4.02076	2.82915	1.32504	1.15905	0.72551	0.536302	0.529268	0.154256	-1.88905
-6.52716	-3.32905	-2.89974	-4.05061	-2.96902	-1.224	-1.37022	-0.835418	-0.671505	-1.76094	-2.2464	-1.75717	-2.53091	-3.99377	-4.6942	-6.08788	-8.89681	-12.4359	-14.4827	-14.0687	-11.1505	-8.44725	-5.81744	-4.11839	-6.44765	-3.85304	-0.59011	0.191553	-1.69792	-2.1115	-3.50777	-0.688118	2.50229	6.9241	9.40599	11.7283	12.8355	14.3932	13.5685	12.5058	11.7782	11.0353	8.72582	7.23301	6.00003	3.82189	2.82362	2.1851	3.14088	2.00041	1.42997	-1.44335	0.229039	-0.746615	-2.87592	-3.93088	-3.07522	-1.5688	-1.09709
-1.67025	0.398333	0.235443	0.62533	1.46162	-0.336058	-1.17779	-1.31496	-1.86714	-1.33015	-1.61212	-1.43701	-1.40525	-2.23729	-3.07714	-2.14549	-4.11364	-6.60386	-7.16629	-7.99189	-6.8175	-4.69038	-7.01803	-8.39729	-5.46515	-0.88449	2.33299	2.8257	2.34295	-0.367597	-1.91307	-0.0679785	1.98787	5.24111	6.44616	9.03938	10.1695	11.3232	10.1289	10.2638	9.38554	7.24348	6.48557	4.79321	3.81383	3.76667	4.84724	5.73986	6.81532	8.29426	8.27849	8.83933	9.87874	9.38285	7.87573	4.0088	5.6555	3.44197	3.3227
5.20543	-0.62596	1.19423	1.7259	1.44977	2.22482	2.00236	1.47067	-1.07054	-2.33028	-3.10759	-3.23169	-2.6271	-2.87599	-3.49178	-3.10795	-5.62039	-7.74024	-9.30252	-8.74414	-7.66538	-5.85773	-3.92825	-1.59156	-1.34846	-0.881149	0.515322	1.96858	1.89457	-0.0177237	-1.15165	0.547513	0.859285	3.04194	5.87875	7.63883	5.97377	6.2524	7.83333	9.02413	8.70295	8.00242	6.0876	4.89075	2.32743	1.26908	1.94971	2.06397	1.87719	2.59671	2.4076	0.652172	0.826421	2.63405	2.21787	2.3004	0.660732	2.03087	0.350842
5.06005	-3.15229	-4.08147	-3.96496	-4.48359	-4.54425	-4.26657	-4.00268	-3.37771	-3.12861	-3.53712	-2.42245	-2.04353	-2.83278	-3.49299	-4.11992	-6.94193	-9.67895	-11.4437	-12.1507	-14.2842	-13.3185	-12.3591	-10.6371	-9.94508	-6.79138	-3.46442	-0.835065	-1.54995	-2.80251	-4.2397	-3.41344	-2.24727	1.13128	1.71831	3.34759	5.43885	7.33034	6.12947	7.85896	9.22743	9.35489	7.75017	5.49212	5.10218	2.37815	0.453115	0.549581	0.56778	-0.130365	0.50848	0.257907	0.330286	1.24651	1.76264	4.00763	6.55713	6.65386	7.61361
-0.326115	-1.66022	-3.25881	-1.8694	-0.315268	-2.40955	-4.46227	-3.28918	-3.94681	-3.20193	-1.30117	-2.74627	-1.30275	-2.4424	-3.78575	-4.49142	-6.6821	-9.5813	-11.5068	-14.4605	-14.2802	-12.4724	-11.7067	-10.1609	-7.15638	-4.22351	-0.396435	4.60377	3.61255	2.91027	2.18234	0.729471	1.93929	3.66971	2.65623	3.32146	3.36482	6.05187	8.94685	10.1312	8.93836	8.88067	7.33664	6.14085	4.66342	3.76664	2.0788	0.599694	1.06423	0.934761	2.02048	1.58175	2.17206	2.87031	1.81623	2.84018	5.4445	3.43333	3.3055
-2.26906	-7.26151	-3.48964	-5.23344	-6.56724	-6.74665	-7.55954	-5.14722	-5.18289	-4.86178	-3.53244	-3.84404	-2.60712	-2.52966	-3.23603	-4.09849	-5.8985	-8.59893	-12.0161	-13.5128	-13.5207	-9.7538	-8.42577	-5.57871	-2.26149	0.0739855	1.4099	1.76655	0.751286	-1.2305	-2.63498	-3.19066	-1.58485	1.13498	3.98481	6.42342	8.87294	10.9841	11.3184	13.0865	12.1582	10.6084	9.26438	6.89268	4.42153	2.01625	0.318923	-0.367829	-0.536221	0.0927974	0.572375	-0.354919	-2.07624	-3.09637	-1.79489	0.219633	-0.515381	-2.38182	-2.71545
3.56114	2.49137	2.37269	2.21229	0.540321	0.422975	-0.425688	-0.73063	-0.114086	0.665592	0.945359	-0.237861	-0.61276	-2.11151	-3.05206	-3.83862	-4.80293	-6.16813	-8.08192	-7.92593	-6.1508	-6.22738	-5.31468	-3.85534	-6.35575	-5.83381	-3.88235	0.540518	3.5507	0.97584	-0.852096	-1.0876	-1.27181	-0.0959696	1.4109	1.81738	3.05856	7.56934	8.55766	9.26146	8.92732	8.86022	7.09078	4.47024	2.75777	1.11891	0.401766	-0.0642964	0.0164074	0.586844	0.187678	0.590821	0.174344	0.585069	-0.129636	2.62871	3.23246	3.69564	5.40648
-3.60956	-8.92801	-9.56024	-5.85845	-3.51205	-2.18084	-2.25439	-3.20752	-3.49931	-3.90999	-3.20449	-3.54815	-2.5188	-2.91354	-2.97991	-3.87769	-6.0017	-7.51599	-7.78125	-8.08555	-5.78454	-3.76611	-5.31534	-6.38647	-4.74742	-4.1379	-4.32641	-2.04681	-0.849251	-0.707949	-1.42552	-2.18241	-2.26299	-4.38822	-1.45017	1.55021	4.54315	9.09026	10.8013	10.331	9.40754	8.48442	5.4557	2.27428	0.533573	-1.17501	-1.98053	-3.98609	-4.00444	-5.12776	-4.86203	-4.68226	-5.98916	-6.16706	-6.30624	-2.65668	-2.06527	-1.86624	-5.17779
-3.74897	-0.607035	0.304406	1.45685	-0.036159	-0.177947	0.709844	0.721502	0.467287	-1.01997	-1.03977	-1.72534	-0.96017	-1.93733	-2.6682	-2.44869	-4.15616	-7.27062	-10.0908	-8.57517	-5.72606	-4.0144	-3.71213	-2.84046	-2.81861	-1.48969	-1.28768	-1.1732	-2.30336	-4.84884	-6.11393	-6.32394	-9.38598	-8.4135	-7.38259	-5.20718	-1.62348	-2.22806	-0.320358	3.38165	5.30406	5.2719	5.05122	4.6023	3.2318	1.6841	1.65979	1.26572	1.24532	-1.32981	-2.41234	-0.952355	-0.723473	-2.55502	-3.35393	-1.94525	-2.52163	-4.23853	-6.02133
-2.29263	-3.21402	-2.85067	-1.79034	-0.93757	-2.85791	-1.47266	-2.49243	-2.75625	-1.43772	-1.23606	-0.938785	-1.06749	-2.36185	-4.10071	-5.16598	-6.533	-8.16546	-9.614	-10.7205	-7.48476	-5.36915	-5.16878	-4.70992	-3.00146	-2.30941	-1.77043	-1.31892	-1.80651	-1.86928	0.290553	-1.87945	-3.45701	-2.77426	-3.52288	-2.83247	-0.866127	1.52532	2.00559	2.41654	3.63939	4.14645	3.72623	2.80526	1.31842	0.423164	0.674237	0.254133	0.797147	0.852368	0.993649	3.99275	3.7315	4.92936	4.74416	4.61932	5.05794	4.13715	16.084
2.57549	4.52428	3.37073	2.79646	2.11479	0.485533	2.14322	0.661222	-0.0575672	-1.06835	-1.7216	-1.76317	-2.40999	-2.30128	-3.73566	-5.53145	-6.27336	-6.41517	-6.90437	-7.58138	-6.4552	-4.31871	-5.5141	-4.67866	-3.61068	-5.19423	-5.72199	-3.12942	-4.85666	-5.22798	-5.67389	-3.62134	-0.380283	2.19488	3.52365	3.49032	4.60936	5.0872	6.26478	8.47779	7.65015	7.39075	8.52447	5.9058	3.96034	3.23217	3.22598	1.90815	2.44479	1.29402	-0.379779	2.09311	2.23786	0.556404	0.568861	-3.36231	-5.8451	-7.6638	-4.17548
1.90354	-4.4172	-3.67633	-2.8832	-2.37217	-2.51001	-1.68251	-1.79104	-1.225	-1.42554	-1.89263	-2.65667	-3.58322	-3.8125	-4.82509	-6.54785	-6.74503	-8.00243	-8.10761	-6.89661	-5.32757	-2.03361	-0.0491229	2.25381	1.56055	1.49722	0.838601	3.13566	0.953094	-0.343417	-3.54042	-4.64819	-4.41553	-3.36399	-2.22674	-1.42713	-0.126852	1.64003	1.94609	3.97157	4.10021	4.91251	4.13742	3.20005	3.04017	3.49879	3.80995	4.45176	5.66181	6.41709	7.15984	7.72973	7.28786	7.05149	5.8175	1.5665	1.36272	0.568541	1.22986
4.93767	5.90379	0.22293	0.860765	1.12637	1.08163	1.05977	2.3997	1.07678	0.43327	1.12613	-3.53968	-3.03545	-3.64456	-4.61754	-7.54897	-9.03367	-9.31029	-12.2743	-11.5207	-10.1156	-7.09608	-5.15194	-4.43356	-4.27778	-3.74752	-4.38207	-4.98525	-0.327732	1.45794	-0.266352	-0.920954	-0.905944	0.43259	1.84027	0.133336	2.36336	3.79592	3.93482	5.31928	6.11739	5.45143	6.76181	7.64286	7.43938	7.04935	6.4548	7.00351	3.27002	1.93479	3.37111	2.36078	1.44286	0.698539	-0.261625	-0.959268	-0.468888	-6.61478	-5.90658
8.62672	6.85404	3.99845	4.01449	2.4656	0.786157	1.31798	-0.207829	-0.813272	-1.23078	-0.505164	-1.47611	-1.92695	-2.44339	-4.06929	-4.63047	-5.00396	-5.84764	-7.18427	-6.70945	-7.33808	-4.31962	-2.52124	-1.95814	-3.92276	-2.6685	-4.74775	-4.09434	-1.66563	-0.294651	-2.6127	-3.21712	-2.63409	-2.07403	0.443267	3.70638	4.93883	6.92079	7.12278	7.18102	7.98885	7.22066	7.13723	5.14218	3.16347	2.44971	1.52525	0.981871	1.09772	0.422586	-0.355863	-0.0446894	-0.486536	-0.572081	-3.80933	-5.65027	-6.89001	-4.22572	-4.02637
7.64105	9.02219	6.54471	5.92984	3.41925	3.03655	1.26804	-1.22943	-2.26183	-0.767455	0.633439	1.10784	-1.98911	-2.25689	-1.00794	-1.5606	-1.90963	-1.77365	-1.53009	-0.723098	-1.46547	-0.0049185	-0.221923	-0.43835	-0.488588	0.400416	0.156521	-0.0115644	-3.09097	-3.55636	-3.73352	-5.64986	-6.34343	-5.3976	-4.17421	-1.54388	2.15877	3.68045	5.97633	7.69464	8.31842	8.36485	8.22038	5.54741	2.44909	0.807722	-0.376339	-1.29666	-2.40475	-3.198	-4.83961	-3.62864	-4.08295	-4.57848	-4.10661	-2.39655	-1.95896	-2.0388	-6.8609
-11.2276	-1.15532	-3.36166	-2.60903	-3.14034	-2.27791	-2.49568	-3.51353	-4.26006	-4.23635	-3.48787	-4.14418	-3.6225	-6.16438	-7.0109	-5.36288	-4.44556	-3.69585	-1.42236	-0.34718	0.477698	0.736426	0.409963	-0.135816	-3.0683	-2.76005	-1.20788	-0.716745	-1.67946	-0.516681	-0.781834	-0.329379	-0.0349342	-1.15802	-1.88251	-0.367615	0.414164	0.760684	1.54935	1.31489	1.30761	1.22316	1.31061	2.24099	1.61266	0.791131	0.215723	1.10245	0.440281	-0.365681	-0.691314	-1.47412	-1.54213	-2.27316	-1.3696	0.246441	2.19994	2.53742	1.28985
10.3348	10.3961	10.464	10.3286	8.08825	3.02737	2.66905	3.97435	2.993	1.09111	-0.629211	-1.74987	-1.3581	-1.99794	-2.33387	-2.21965	-3.04623	-2.21794	-1.89459	-1.55498	-0.361169	1.56105	3.73387	5.37194	4.00086	1.15159	1.4177	2.27822	2.06061	3.94865	3.81265	2.50183	0.904463	-2.00274	-2.8173	-3.65437	-2.28999	-2.43985	-1.06704	-0.599722	0.910258	1.57871	1.65124	3.01849	2.28547	2.07197	1.92597	1.55304	0.137761	0.958316	1.10969	1.56164	2.17834	1.35751	-0.650251	0.903212	0.483974	0.364164	4.21961
0.583203	-2.60333	-3.76971	-2.39703	-2.5031	-0.900981	-1.43616	-1.87428	-2.71451	-3.42411	-3.01886	-4.04955	-4.08628	-3.88786	-3.73963	-3.3242	-2.80037	-3.31776	-3.47914	-3.99699	-1.25691	0.764168	4.05302	2.02131	0.492457	0.637432	1.58273	2.00982	2.66123	2.2027	2.95513	2.87617	1.80945	0.0191224	-1.89151	-0.560025	-0.168608	1.73335	3.30928	4.36945	6.14058	3.44639	2.14545	0.0633107	-0.781334	-1.37544	0.825122	1.33811	3.15146	2.7831	2.77019	2.87254	3.16984	3.93352	3.97333	2.07913	0.99318	1.20331	-0.127999
4.64179	0.125387	-0.46019	0.734446	0.351451	1.14999	3.09398	5.56295	4.64465	5.43707	3.24037	0.206199	-1.54438	-1.78584	-1.0538	-4.87963	-7.85751	-8.30776	-8.02141	-9.37827	-9.14282	-5.35729	-2.42408	0.576552	0.754109	0.67974	0.876181	1.55711	2.47581	1.68103	1.95692	3.26221	1.69204	-0.0208043	-0.234407	2.50623	3.1681	2.91891	3.45413	2.32628	2.71041	-0.256916	-1.28895	0.22967	-0.027752	2.58582	2.55255	0.742193	0.435403	2.1841	2.69424	1.21764	0.848643	0.41763	-0.922493	-2.01236	-3.79365	-5.00264	-8.05387
4.30519	0.786248	3.64674	3.33319	2.43384	4.86195	4.09398	4.13881	3.49418	3.3397	2.5261	0.721636	0.0175686	-0.0124799	1.12198	-1.33072	-2.36494	-2.13199	-2.8123	-3.31407	-3.95149	-2.18288	-0.607981	0.477303	1.08756	3.34599	3.9723	3.1164	4.30043	4.5192	4.10877	2.65914	1.94104	1.66135	-0.117259	-0.0605127	2.22174	1.77043	2.13544	2.75276	4.0115	4.3462	3.3485	4.7324	4.07152	4.19159	6.31703	7.83854	5.94948	2.62415	2.76131	2.94206	3.7702	2.22316	3.81675	2.55745	3.45675	2.76379	1.79198
0.240414	2.03629	2.84852	2.39611	2.2271	1.15945	1.35176	1.53106	0.466416	0.643956	-0.284644	-1.06934	-2.62796	-1.97779	-1.77038	-1.77209	-0.04632	-0.278186	0.129673	0.402619	2.2985	2.86941	4.60251	5.41031	3.28754	3.89767	3.12514	1.90085	2.63656	0.958674	-0.271794	-1.67311	-2.92029	-3.45742	-5.01604	-5.03419	-6.2985	-7.06077	-6.86177	-6.50061	-5.48637	-6.69233	-6.19403	-4.63703	-5.04847	-4.86773	-4.56628	-3.80885	-2.92651	-3.88081	-4.64594	-3.24532	-1.55762	-1.6941	-1.49295	-1.36652	-0.230626	-1.45893	3.4946
1.42032	1.70317	3.04139	2.94982	2.0774	1.31205	0.539838	0.87833	0.540186	0.582772	-0.228982	-1.26515	-1.08771	-2.05959	-2.86206	-1.88931	-1.42894	-1.44246	-2.53971	-2.99895	-1.19316	-0.0686411	1.94396	0.861983	-2.33469	-2.81569	-1.70543	-0.271778	-1.80941	-1.78055	-2.72483	-5.18291	-3.89706	-4.29705	-2.84683	-3.28386	-0.689525	0.750164	1.63887	-0.758074	0.0281802	-0.48897	-1.4006	-2.15699	-2.34541	-0.872835	0.450589	-2.30401	-2.118	-2.96537	-1.67505	-2.17099	-4.35601	-1.16212	-1.21742	1.42748	2.62146	1.60731	6.70155
-0.6585	3.48341	4.21798	5.03895	5.05073	4.7053	3.23454	1.71707	1.29542	0.320938	0.21553	-0.658162	0.212854	0.966202	1.44934	1.55237	1.24321	0.916087	-0.356802	-2.90802	-3.21923	-4.59815	-4.30956	-4.66579	-4.33791	-3.22539	-0.815726	-1.09008	-0.869089	-0.117044	-0.464011	-0.577036	-0.210345	-0.166211	-0.196106	-1.00652	-2.39275	-2.02257	-0.256898	-0.910775	-0.248864	-0.250664	-1.00195	-0.0484553	0.139816	2.44838	1.63808	1.40269	0.196125	-1.37997	-3.04985	-3.13924	-4.01037	-3.78245	-3.65442	-1.45768	-1.291	0.0107039	-0.0610171
7.87207	9.0368	5.91447	4.64583	3.61925	3.71577	4.20165	0.924496	0.46446	-1.03198	-1.30822	-1.79078	-1.5256	-1.00359	-2.4246	-2.40369	-2.19869	-1.41346	-1.59601	-0.788005	-0.380042	0.476619	3.10243	2.39343	2.73426	2.41759	1.44659	0.0153416	-1.0213	-2.58382	-1.85132	-2.29998	-0.605782	-0.0499653	-0.291942	-0.350434	-1.95537	-2.77248	-2.51325	-2.94539	-4.39393	-4.58256	-5.71371	-5.00683	-5.48806	-5.90147	-4.00993	-1.60621	-1.32079	-0.596402	1.97041	1.37625	-0.0903535	-1.18197	-2.17005	-3.06441	-5.59881	-2.25498	4.11911
3.30883	1.07434	-2.01934	-5.42548	-6.97397	-2.61206	-3.52894	-3.05886	-1.40882	-2.30015	-1.59758	-6.42967	-5.79535	-4.87359	-4.18787	-4.89289	-6.4751	-6.51841	-5.92276	-2.52768	-0.45804	0.826932	1.73556	4.74884	4.91814	4.15202	3.61941	2.99283	0.92953	-2.0178	-4.38572	-5.45163	-5.18523	-3.26197	-0.106572	0.438059	1.21065	1.28477	2.79858	3.51093	3.11518	2.68952	1.15032	0.691121	0.165338	2.22137	0.149961	1.55603	1.4022	2.60004	4.35156	3.01992	5.29004	5.22084	2.19778	2.93348	2.58159	3.46177	6.7233
